#!/bin/bash


#phi="0.6" # packing fraction
phi="0" # packing fraction
L="32"   # size of box  V=L*L

#Particle number
Pi="3.1415926"

#N=$(awk -v phi=$phi -v L=$L -v Pi=$Pi 'BEGIN {print int(4*phi*L*L/Pi)}')

N="50000"

BB="0"

gam="1"
T="0"
K="200"


v0="1"
Dr="0.1"


h="0.005"
running_length="10"


#U_base="0.000398107 0.000630957"
#U_base="0.0008"

#U_base="0.001 0.00158489 0.00251189 0.00398107 0.00630957 0.01 0.0158489 0.0251189 0.0398107 0.0630957 0.1 0.158489 0.251189 0.398107 0.630957 1 1.58489 2.51189 3.98107 6.30957"

#U_base="0.001 0.00158489 0.00251189 0.00398107 0.00630957 0.01 0.0158489 0.0251189 0.0398107 0.0630957 0.1 0.158489 0.251189 0.398107 0.630957 1 1.58489 2.51189 3.98107 6.30957"

# 0.000251189"
#nd_base="1 2 3 4 5 6 7 8 9 10 11 12"

#nd_base="1 2 3 4 5 6 7 8 9 10 11 12 13 14 15 16 17 18 19 20 21 22 23 24 25 26 27 28 29 30 31 32 33 34 35 36 37 38 39 40 41 42 43 44 45 46 47 48 49 50 51 52 53 54 55 56 57 58 59 60 61 62 63 64 65 66 67 68 69 70 71 72 73 74 75 76 77 78 79 80 81 82 83 84 85 86 87 88 89 90 91 92 93 94 95 96 97 98 99 100 101 102 103 104 105 106 107 108 109 110 111 112 113 114 115 116 117 118 119 120"

#U_base="0.001 0.00251189"
#U_base="0.000251189"

#U_base="0.0001"
# 0.000158489 0.0001"
# 0.000158489 0.0001"


U_base="0.00251189"
#U_base="0.00158489"
#U_base="0.001"

nd="240"
nd_base="1 2 3 4 5 6 7 8 9 10 11 12 13 14 15 16 17 18 19 20 21 22 23 24 25 26 27 28 29 30 31 32 33 34 35 36 37 38 39 40 41 42 43 44 45 46 47 48 49 50 51 52 53 54 55 56 57 58 59 60 61 62 63 64 65 66 67 68 69 70 71 72 73 74 75 76 77 78 79 80 81 82 83 84 85 86 87 88 89 90 91 92 93 94 95 96 97 98 99 100 101 102 103 104 105 106 107 108 109 110 111 112 113 114 115 116 117 118 119 120 121 122 123 124 125 126 127 128 129 130 131 132 133 134 135 136 137 138 139 140 141 142 143 144 145 146 147 148 149 150 151 152 153 154 155 156 157 158 159 160 161 162 163 164 165 166 167 168 169 170 171 172 173 174 175 176 177 178 179 180 181 182 183 184 185 186 187 188 189 190 191 192 193 194 195 196 197 198 199 200 201 202 203 204 205 206 207 208 209 210 211 212 213 214 215 216 217 218 219 220 221 222 223 224 225 226 227 228 229 230 231 232 233 234 235 236 237 238 239 240"



#nd_base="1 2 3 4 5 6 7 8 9 10 11 12 13 14 15 16 17 18 19 20 21 22 23 24 25 26 27 28 29 30 31 32 33 34 35 36 37 38 39 40 41 42 43 44 45 46 47 48 49 50 51 52 53 54 55 56 57 58 59 60 61 62 63 64 65 66 67 68 69 70 71 72 73 74 75 76 77 78 79 80 81 82 83 84 85 86 87 88 89 90 91 92 93 94 95 96 97 98 99 100"

#nd_base="1 2 3 4 5 6 7 8 9 10 11 12 13 14 15 16 17 18 19 20 21 22 23 24 25 26 27 28 29 30 31 32 33 34 35 36 37 38 39 40 41 42 43 44 45 46 47 48 49 50 51 52 53 54 55 56 57 58 59 60 61 62 63 64 65 66 67 68 69 70 71 72 73 74 75 76 77 78 79 80 81 82 83 84 85 86 87 88 89 90 91 92 93 94 95 96 97 98 99 100 101 102 103 104 105 106 107 108 109 110 111 112 113 114 115 116 117 118 119 120 121 122 123 124 125 126 127 128 129 130 131 132 133 134 135 136 137 138 139 140 141 142 143 144 145 146 147 148 149 150 151 152 153 154 155 156 157 158 159 160 161 162 163 164 165 166 167 168 169 170 171 172 173 174 175 176 177 178 179 180 181 182 183 184 185 186 187 188 189 190 191 192 193 194 195 196 197 198 199 200"
#nd_base="1 2 3 4 5 6 7 8 9 10"

#U_base="0.00158489 0.00251189 0.00398107"

#U_base="0.00398107"


#U_base="0.01 0.0158489 0.0251189 0.0398107 0.0630957 0.1 0.158489 0.251189 0.398107 0.630957 1 1.58489 2.51189 3.98107 6.30957 10"

#U_base="0.1 0.158489 0.251189 0.398107 0.630957 1 1.58489 2.51189 3.98107 6.30957 10"
#U_base="15.8489 25.1189 39.8107 63.0957 100"



#U_base="1"


#U_base="158.489 251.189 398.107 630.957 1000"
#U_base="0.01 0.0158489 0.0251189 0.0398107 0.0630957 0.1 0.158489 0.251189 0.398107 0.630957 1 1.58489 2.51189 3.98107 6.30957 10 15.8489 25.1189 39.8107 63.0957 100"
#U_base="1 1.58489 2.51189 3.98107 6.30957 10 15.8489 25.1189 39.8107 63.0957 100 158.489 251.189 398.107 630.957 1000"
#U_base="100 158.489 251.189 398.107 630.957 1000 1584.89 2511.89 3981.07 6309.57 10000"

#U_base="0.1 0.158489 0.251189 0.398107 0.630957 1 1.58489 2.51189 3.98107 6.30957 10 15.8489 25.1189 39.8107 63.0957 100 158.489 251.189 398.107 630.957 1000"

#U_base="10"
#U_base="0.01 0.0158489 0.0251189 0.0398107 0.0630957 0.1 0.158489 0.251189 0.398107 0.630957 1 1.58489 2.51189 3.98107 6.30957 10 15.8489 25.1189 39.8107 63.0957 100 158.489 251.189 398.107 630.957 1000"

#U_base="100 63.0957 39.8107 25.1189 15.8489 10 6.30957 3.98107 2.51189 1.58489 1 0.630957 0.398107 0.251189 0.158489 0.1"


#U_base="0.398107 0.630957 1 1.58489 2.51189 3.98107 6.30957 10 15.8489 25.1189 39.8107 63.0957 100"
#U_base="0.1 0.158489 0.251189"

#U_base="3.98107 6.30957 10 15.8489 25.1189 39.8107 63.0957 100"

#running_time="100"

