-9.95	0	
-9.85	0	
-9.75	0	
-9.65	0	
-9.55	0	
-9.45	0	
-9.35	0	
-9.25	0	
-9.15	0	
-9.05	0	
-8.95	0	
-8.85	0	
-8.75	0	
-8.65	0	
-8.55	0	
-8.45	0	
-8.35	0	
-8.25	0	
-8.15	0	
-8.05	0	
-7.95	0	
-7.85	0	
-7.75	0	
-7.65	0	
-7.55	0	
-7.45	0	
-7.35	0	
-7.25	0	
-7.15	0	
-7.05	0	
-6.95	0	
-6.85	0	
-6.75	0	
-6.65	0	
-6.55	0	
-6.45	0	
-6.35	0	
-6.25	0	
-6.15	0	
-6.05	0	
-5.95	0	
-5.85	1e-06	
-5.75	0	
-5.65	0	
-5.55	0	
-5.45	0	
-5.35	0	
-5.25	0	
-5.15	0	
-5.05	2e-06	
-4.95	2e-06	
-4.85	2e-06	
-4.75	3e-06	
-4.65	1e-05	
-4.55	1.7e-05	
-4.45	1e-05	
-4.35	4.4e-05	
-4.25	5.5e-05	
-4.15	6.7e-05	
-4.05	0.000117	
-3.95	0.000152	
-3.85	0.000263	
-3.75	0.000338	
-3.65	0.000507	
-3.55	0.00074	
-3.45	0.001078	
-3.35	0.001524	
-3.25	0.002042	
-3.15	0.002794	
-3.05	0.003837	
-2.95	0.005132	
-2.85	0.006772	
-2.75	0.009199	
-2.65	0.011927	
-2.55	0.015718	
-2.45	0.01999	
-2.35	0.025131	
-2.25	0.031644	
-2.15	0.039644	
-2.05	0.048629	
-1.95	0.059533	
-1.85	0.072135	
-1.75	0.085635	
-1.65	0.102569	
-1.55	0.11986	
-1.45	0.139768	
-1.35	0.159774	
-1.25	0.181941	
-1.15	0.205032	
-1.05	0.229448	
-0.95	0.253084	
-0.85	0.278485	
-0.75	0.301267	
-0.65	0.323087	
-0.55	0.343221	
-0.45	0.360324	
-0.35	0.375292	
-0.25	0.387231	
-0.15	0.394345	
-0.05	0.398137	
0.05	0.399517	
0.15	0.394799	
0.25	0.386448	
0.35	0.375712	
0.45	0.360232	
0.55	0.343217	
0.65	0.322475	
0.75	0.301078	
0.85	0.278082	
0.95	0.253739	
1.05	0.229854	
1.15	0.206001	
1.25	0.182334	
1.35	0.159848	
1.45	0.139455	
1.55	0.120522	
1.65	0.101942	
1.75	0.086499	
1.85	0.072717	
1.95	0.059992	
2.05	0.049148	
2.15	0.039555	
2.25	0.031874	
2.35	0.025223	
2.45	0.019876	
2.55	0.015549	
2.65	0.012129	
2.75	0.009071	
2.85	0.006817	
2.95	0.005167	
3.05	0.003835	
3.15	0.002842	
3.25	0.002038	
3.35	0.001436	
3.45	0.001088	
3.55	0.000754	
3.65	0.000535	
3.75	0.000341	
3.85	0.000235	
3.95	0.000155	
4.05	0.0001	
4.15	9e-05	
4.25	4.6e-05	
4.35	3.1e-05	
4.45	1.5e-05	
4.55	1.1e-05	
4.65	8e-06	
4.75	3e-06	
4.85	2e-06	
4.95	3e-06	
5.05	1e-06	
5.15	0	
5.25	0	
5.35	0	
5.45	0	
5.55	0	
5.65	0	
5.75	0	
5.85	0	
5.95	0	
6.05	0	
6.15	0	
6.25	0	
6.35	0	
6.45	0	
6.55	0	
6.65	0	
6.75	0	
6.85	0	
6.95	0	
7.05	0	
7.15	0	
7.25	0	
7.35	0	
7.45	0	
7.55	0	
7.65	0	
7.75	0	
7.85	0	
7.95	0	
8.05	0	
8.15	0	
8.25	0	
8.35	0	
8.45	0	
8.55	0	
8.65	0	
8.75	0	
8.85	0	
8.95	0	
9.05	0	
9.15	0	
9.25	0	
9.35	0	
9.45	0	
9.55	0	
9.65	0	
9.75	0	
9.85	0	
9.95	0	
