0.05	0.159526	
0.15	0.15861	
0.25	0.159414	
0.35	0.159175	
0.45	0.159331	
0.55	0.159817	
0.65	0.158182	
0.75	0.158623	
0.85	0.158992	
0.95	0.158843	
1.05	0.159035	
1.15	0.159564	
1.25	0.159382	
1.35	0.158789	
1.45	0.158635	
1.55	0.158291	
1.65	0.159708	
1.75	0.159257	
1.85	0.159453	
1.95	0.15902	
2.05	0.158951	
2.15	0.159001	
2.25	0.159139	
2.35	0.158684	
2.45	0.158966	
2.55	0.159856	
2.65	0.159093	
2.75	0.159494	
2.85	0.158997	
2.95	0.15941	
3.05	0.159029	
3.15	0.159007	
3.25	0.159246	
3.35	0.159585	
3.45	0.158991	
3.55	0.159223	
3.65	0.159398	
3.75	0.159351	
3.85	0.158994	
3.95	0.159571	
4.05	0.159464	
4.15	0.159066	
4.25	0.158465	
4.35	0.158955	
4.45	0.159398	
4.55	0.159252	
4.65	0.159178	
4.75	0.158641	
4.85	0.159379	
4.95	0.159269	
5.05	0.158548	
5.15	0.159119	
5.25	0.16011	
5.35	0.159787	
5.45	0.159431	
5.55	0.159474	
5.65	0.159153	
5.75	0.15921	
5.85	0.159131	
5.95	0.159106	
6.05	0.158862	
6.15	0.158505	
6.25	0.132864	
