-9.95	0	
-9.85	0	
-9.75	0	
-9.65	0	
-9.55	0	
-9.45	0	
-9.35	0	
-9.25	0	
-9.15	0	
-9.05	0	
-8.95	0	
-8.85	0	
-8.75	0	
-8.65	0	
-8.55	0	
-8.45	0	
-8.35	0	
-8.25	0	
-8.15	0	
-8.05	0	
-7.95	0	
-7.85	0	
-7.75	0	
-7.65	0	
-7.55	0	
-7.45	0	
-7.35	0	
-7.25	0	
-7.15	0	
-7.05	0	
-6.95	0	
-6.85	0	
-6.75	0	
-6.65	0	
-6.55	0	
-6.45	0	
-6.35	0	
-6.25	0	
-6.15	0	
-6.05	0	
-5.95	0	
-5.85	0	
-5.75	0	
-5.65	0	
-5.55	0	
-5.45	0	
-5.35	1e-06	
-5.25	0	
-5.15	0	
-5.05	1e-06	
-4.95	2e-06	
-4.85	5e-06	
-4.75	6e-06	
-4.65	1.2e-05	
-4.55	2e-05	
-4.45	2e-05	
-4.35	3.1e-05	
-4.25	5.7e-05	
-4.15	5.8e-05	
-4.05	0.000108	
-3.95	0.000166	
-3.85	0.000248	
-3.75	0.000375	
-3.65	0.000514	
-3.55	0.000754	
-3.45	0.001037	
-3.35	0.001425	
-3.25	0.002057	
-3.15	0.002817	
-3.05	0.003829	
-2.95	0.005149	
-2.85	0.006928	
-2.75	0.009135	
-2.65	0.011981	
-2.55	0.015166	
-2.45	0.019834	
-2.35	0.024823	
-2.25	0.031642	
-2.15	0.039728	
-2.05	0.048759	
-1.95	0.059338	
-1.85	0.071921	
-1.75	0.086781	
-1.65	0.102342	
-1.55	0.119521	
-1.45	0.139171	
-1.35	0.160428	
-1.25	0.182308	
-1.15	0.20541	
-1.05	0.230141	
-0.95	0.254571	
-0.85	0.278669	
-0.75	0.300016	
-0.65	0.322779	
-0.55	0.344097	
-0.45	0.359918	
-0.35	0.374917	
-0.25	0.38628	
-0.15	0.395047	
-0.05	0.398619	
0.05	0.398979	
0.15	0.395542	
0.25	0.38727	
0.35	0.374726	
0.45	0.360359	
0.55	0.341838	
0.65	0.32296	
0.75	0.30109	
0.85	0.277931	
0.95	0.253918	
1.05	0.230232	
1.15	0.206265	
1.25	0.182654	
1.35	0.160734	
1.45	0.140128	
1.55	0.119972	
1.65	0.101769	
1.75	0.086444	
1.85	0.072012	
1.95	0.05967	
2.05	0.048719	
2.15	0.039738	
2.25	0.031589	
2.35	0.025092	
2.45	0.019754	
2.55	0.015406	
2.65	0.011751	
2.75	0.009103	
2.85	0.006851	
2.95	0.005174	
3.05	0.003771	
3.15	0.002824	
3.25	0.002015	
3.35	0.00143	
3.45	0.001084	
3.55	0.000709	
3.65	0.000499	
3.75	0.000361	
3.85	0.000224	
3.95	0.000159	
4.05	9e-05	
4.15	7e-05	
4.25	4.6e-05	
4.35	3.3e-05	
4.45	2.1e-05	
4.55	9e-06	
4.65	1.1e-05	
4.75	3e-06	
4.85	6e-06	
4.95	0	
5.05	1e-06	
5.15	1e-06	
5.25	0	
5.35	0	
5.45	1e-06	
5.55	0	
5.65	0	
5.75	0	
5.85	0	
5.95	0	
6.05	0	
6.15	0	
6.25	0	
6.35	0	
6.45	0	
6.55	0	
6.65	0	
6.75	0	
6.85	0	
6.95	0	
7.05	0	
7.15	0	
7.25	0	
7.35	0	
7.45	0	
7.55	0	
7.65	0	
7.75	0	
7.85	0	
7.95	0	
8.05	0	
8.15	0	
8.25	0	
8.35	0	
8.45	0	
8.55	0	
8.65	0	
8.75	0	
8.85	0	
8.95	0	
9.05	0	
9.15	0	
9.25	0	
9.35	0	
9.45	0	
9.55	0	
9.65	0	
9.75	0	
9.85	0	
9.95	0	
